#include <math.h>
#include <string>

class AGA892DC{
public://member method
   static void calcZRhom(double& Z,double& rhom);
private://member method
    static void sortInput();
    static void calcSecondVirial(double BI[18]);
    static double calcK();
    static double calcF();
    static double calcQ();
    static double calcG();
    static double calcU();
    static double rhom2PZ(double rhom,double tt,double BI[18],double CNS[46],double K,
                        double F,double Q,double G,double U,double& Z);
private://inputs component
    //ID:   1	    2	3	4	    5	    6	7	8	9	10	11	    12	    13	    14	    15	    16	    17	1   8	    19	    20	21
    //Comp.:CH4	    N2	CO2	C2H6	C3H8	H2O	H2S	H2	CO	O2	i-C4H10	n-C4H10	i-C5H12	n-C5H12	C6H14	C7H16	C8H18	C9H20	C10H22	He	Ar
    static int status;//0:not start,1:already input ,2:sorted input;3:already calcB
    static int NUM_x;//<=21
    static int ID_raw[21];
    static int ID[21];
    static int Index2raw[21];
    static double xi_raw[21];
public:    
    static double p;
    static double t;
private://output
    double Z;
    double rhom;
private://state parameters ref. to B.1 of GB/T 17747.2-2011 (or ISO 12213-2 2006)
    const static int bn[58];
    const static int cn[58];
    const static int kn[58];
    const static int gn[58];
    const static int qn[58];
    const static int fn[58];
    const static int sn[58];
    const static int wn[58];
    const static double an[58];
    const static double un[58];
private://characterization parameters ref. to B.1 of GB/T 17747.2-2011 (or ISO 12213-2 2006)
    const static double Mi[21];//kg/kmol
    const static double Ei[21];//K
    const static double Ki[21];//
    const static double Gi[21];//(m3/kmol)^(1/3)
    const static double Qi[21];
    const static int Fi[21];
    const static double Si[21];
    const static int Wi[21];
private://binary interaction parameters
    const static double Eij0[21][21];
    const static double Uij0[21][21];
    const static double Kij0[21][21];
    const static double Gij0[21][21];
};

const int AGA892DC::bn[58]={
    1,1,1,1,1,1,1,1,1,1,1,1,1,1,1,1,1,1,2,2,2,2,2,2,2,2,2,3,3,
    3,3,3,3,3,3,3,3,4,4,4,4,4,4,4,5,5,5,5,5,6,6,7,7,8,8,8,9,9
};
const int AGA892DC::cn[58]={
    0,0,0,0,0,0,0,0,0,0,0,0,1,1,1,1,1,1,0,0,1,1,1,1,1,1,1,0,1,
    1,1,1,1,1,1,1,1,0,0,1,1,1,1,1,0,1,1,1,1,0,1,0,1,1,1,1,1,1
};
const int AGA892DC::kn[58]={
    0,0,0,0,0,0,0,0,0,0,0,0,3,2,2,2,4,4,0,0,2,2,2,4,4,4,4,0,1,
    1,2,2,3,3,4,4,4,0,0,2,2,2,4,4,0,2,2,4,4,0,2,0,2,1,2,2,2,2
};
const int AGA892DC::gn[58]={
    0,0,0,0,1,1,0,0,0,0,0,0,0,0,0,0,0,0,0,0,0,0,0,0,1,0,0,0,1,
    0,0,1,1,1,0,0,0,0,0,0,0,0,0,0,0,0,0,0,0,0,1,0,0,1,0,1,0,0
};
const int AGA892DC::qn[58]={
    0,0,0,0,0,0,1,0,0,0,0,0,0,0,0,1,0,0,0,0,0,0,0,0,0,1,0,1,0,
    0,0,0,0,0,0,0,1,0,0,0,0,1,0,0,0,0,1,0,1,0,0,1,0,0,0,0,0,1
};
const int AGA892DC::fn[58]={
    0,0,0,0,0,0,0,0,0,0,0,0,1,0,0,0,0,0,0,0,0,0,0,0,0,0,1,0,0,
    1,0,0,0,0,1,0,0,0,0,0,0,0,0,0,0,0,0,0,0,0,0,0,0,0,0,0,0,0
};
const int AGA892DC::sn[58]={
    0,0,0,0,0,0,0,1,1,0,0,0,0,0,0,0,0,0,0,0,0,0,0,0,0,0,0,0,0,
    0,0,0,0,0,0,0,0,0,0,0,0,0,0,0,0,0,0,0,0,0,0,0,0,0,0,0,0,0
};
const int AGA892DC::wn[58]={
    0,0,0,0,0,0,0,0,0,1,1,1,0,0,0,0,0,0,0,0,0,0,0,0,0,0,0,0,0,
    0,0,0,0,0,0,0,0,0,0,0,0,0,0,0,0,0,0,0,0,0,0,0,0,0,0,0,0,0
};
const double AGA892DC::an[58]={
  0.153832600,
  1.341953000,
 -2.998583000,
 -0.048312280,
  0.375796500,
 -1.589575000,
 -0.053588470,
  0.886594630,
 -0.710237040,
 -1.471722000,
  1.321850350,
 -0.786659250,
  2.291290000E-09,
  0.157672400,
 -0.436386400,
 -0.044081590,
 -0.003433888,
  0.032059050,
  0.024873550,
  0.073322790,
 -0.001600573,
  0.642470600,
 -0.416260100,
 -0.066899570,
  0.279179500,
 -0.696605100,
 -0.002860589,
 -0.008098836,
  3.150547000,
  0.007224479,
 -0.705752900,
  0.534979200,
 -0.079314910,
 -1.418465000,
 -5.999050000E-17,
  0.105840200,
  0.034317290,
 -0.007022847,
  0.024955870,
  0.042968180,
  0.746545300,
 -0.291961300,
  7.294616000,
 -9.936757000,
 -0.005399808,
 -0.243256700,
  0.049870160,
  0.003733797,
  1.874951000,
  0.002168144,
 -0.658716400,
  0.000205518,
  0.009776195,
 -0.020487080,
  0.015573220,
  0.006862415,
 -0.001226752,
  0.002850908
};
const double AGA892DC::un[58]={
    0,0.5,1,3.5,-0.5,4.5,0.5,7.5,9.5,6,12,12.5,-6,2,3,2,2,11,-0.5,0.5,0,4,6,21,23,22,
    -1,-0.5,7,-1,6,4,1,9,-13,21,8,-0.5,0,2,7,9,22,23,1,9,3,8,23,1.5,5,-0.5,4,7,3,0,1,0
};
const double AGA892DC::Mi[21]={
    16.0430,28.0135,44.0100,30.0700,44.0970,18.0153,34.0820,2.0159,28.0100,31.9988,58.1230,
    58.1230,72.1500,72.1500,86.1770,100.2040,114.2310,128.2580,142.2850,4.0026,39.9480
};
const double AGA892DC::Ei[21]={
    151.31830,99.73778,241.96060,244.16670,298.11830,514.01560,296.35500,
    26.95794,105.53480,122.76670,324.06890,337.63890,365.59990,370.68230,
    402.636293,427.72263,450.325022,470.840891,489.558373,2.610111,119.62990
};
const double AGA892DC::Ki[21]={
    0.4619255,0.4479153,0.4557489,0.5279209,0.5837490,0.3825868,0.4618263,
    0.3514916,0.4533894,0.4186954,0.6406937,0.6341423,0.6738577,0.6798307,
    0.7175118,0.7525189,0.7849550,0.8152731,0.8437826,0.3589888,0.4216551
};
const double AGA892DC::Gi[21]={
    0.0000000,0.0278150,0.1890650,0.0793000,0.1412390,0.3325000,0.0885000,
    0.0343690,0.0389530,0.0210000,0.2566920,0.2818350,0.3322670,0.3669110,
    0.2897310,0.3375420,0.3833810,0.4273540,0.4696590,0.0000000,0.0000000
};
const double AGA892DC::Qi[21]={
    0,0,0.69,0,0,1.06775,0.633276,0,0,0,0,0,0,0,0,0,0,0,0,0,0
};
const double AGA892DC::Si[21]={
    0,0,0,0,0,1.5822,0.39,0,0,0,0,0,0,0,0,0,0,0,0,0,0    
};
const int AGA892DC::Fi[21]{    
    0,0,0,0,0,0,0,1,0,0,0,0,0,0,0,0,0,0,0,0,0
};
const int AGA892DC::Wi[21]={
    0,0,0,0,0,1,0,0,0,0,0,0,0,0,0,0,0,0,0,0,0    
};
const double AGA892DC::Eij0[21][21]={
    {1.00000000,0.97164000,0.96064400,1.00000000,0.99463500,0.70821800,0.93148400,1.17052000,0.99012600,1.00000000,1.01953000,0.98984400,1.00235000,0.99926800,1.10727400,0.88088000,0.88097300,0.88106700,0.88116100,1.00000000,1.00000000},{
    0.97164000,1.00000000,1.02274000,0.97012000,0.94593900,0.74695400,0.90227100,1.08632000,1.00571000,1.02100000,0.94691400,0.97338400,0.95934000,0.94552000,1.00000000,1.00000000,1.00000000,1.00000000,1.00000000,1.00000000,1.00000000},{
    0.96064400,1.02274000,1.00000000,0.92505300,0.96023700,0.84940800,0.95505200,1.28179000,1.50000000,1.00000000,0.90684900,0.89736200,0.72625500,0.85976400,0.85513400,0.83122900,0.80831000,0.78632300,0.76517100,1.00000000,1.00000000},{
    1.00000000,0.97012000,0.92505300,1.00000000,1.02256000,0.69316800,0.94687100,1.16446000,1.00000000,1.00000000,1.00000000,1.01306000,1.00000000,1.00532000,1.00000000,1.00000000,1.00000000,1.00000000,1.00000000,1.00000000,1.00000000},{
    0.99463500,0.94593900,0.96023700,1.02256000,1.00000000,1.00000000,1.00000000,1.03478700,1.00000000,1.00000000,1.00000000,1.00490000,1.00000000,1.00000000,1.00000000,1.00000000,1.00000000,1.00000000,1.00000000,1.00000000,1.00000000},{
    0.70821800,0.74695400,0.84940800,0.69316800,1.00000000,1.00000000,1.00000000,1.00000000,1.00000000,1.00000000,1.00000000,1.00000000,1.00000000,1.00000000,1.00000000,1.00000000,1.00000000,1.00000000,1.00000000,1.00000000,1.00000000},{
    0.93148400,0.90227100,0.95505200,0.94687100,1.00000000,1.00000000,1.00000000,1.00000000,1.00000000,1.00000000,1.00000000,1.00000000,1.00000000,1.00000000,1.00869200,1.01012600,1.01150100,1.01282100,1.01408900,1.00000000,1.00000000},{
    1.17052000,1.08632000,1.28179000,1.16446000,1.03478700,1.00000000,1.00000000,1.00000000,1.10000000,1.00000000,1.30000000,1.30000000,1.00000000,1.00000000,1.00000000,1.00000000,1.00000000,1.00000000,1.00000000,1.00000000,1.00000000},{
    0.99012600,1.00571000,1.50000000,1.00000000,1.00000000,1.00000000,1.00000000,1.10000000,1.00000000,1.00000000,1.00000000,1.00000000,1.00000000,1.00000000,1.00000000,1.00000000,1.00000000,1.00000000,1.00000000,1.00000000,1.00000000},{
    1.00000000,1.02100000,1.00000000,1.00000000,1.00000000,1.00000000,1.00000000,1.00000000,1.00000000,1.00000000,1.00000000,1.00000000,1.00000000,1.00000000,1.00000000,1.00000000,1.00000000,1.00000000,1.00000000,1.00000000,1.00000000},{
    1.01953000,0.94691400,0.90684900,1.00000000,1.00000000,1.00000000,1.00000000,1.30000000,1.00000000,1.00000000,1.00000000,1.00000000,1.00000000,1.00000000,1.00000000,1.00000000,1.00000000,1.00000000,1.00000000,1.00000000,1.00000000},{
    0.98984400,0.97338400,0.89736200,1.01306000,1.00490000,1.00000000,1.00000000,1.30000000,1.00000000,1.00000000,1.00000000,1.00000000,1.00000000,1.00000000,1.00000000,1.00000000,1.00000000,1.00000000,1.00000000,1.00000000,1.00000000},{
    1.00235000,0.95934000,0.72625500,1.00000000,1.00000000,1.00000000,1.00000000,1.00000000,1.00000000,1.00000000,1.00000000,1.00000000,1.00000000,1.00000000,1.00000000,1.00000000,1.00000000,1.00000000,1.00000000,1.00000000,1.00000000},{
    0.99926800,0.94552000,0.85976400,1.00532000,1.00000000,1.00000000,1.00000000,1.00000000,1.00000000,1.00000000,1.00000000,1.00000000,1.00000000,1.00000000,1.00000000,1.00000000,1.00000000,1.00000000,1.00000000,1.00000000,1.00000000},{
    1.10727400,1.00000000,0.85513400,1.00000000,1.00000000,1.00000000,1.00869200,1.00000000,1.00000000,1.00000000,1.00000000,1.00000000,1.00000000,1.00000000,1.00000000,1.00000000,1.00000000,1.00000000,1.00000000,1.00000000,1.00000000},{
    0.88088000,1.00000000,0.83122900,1.00000000,1.00000000,1.00000000,1.01012600,1.00000000,1.00000000,1.00000000,1.00000000,1.00000000,1.00000000,1.00000000,1.00000000,1.00000000,1.00000000,1.00000000,1.00000000,1.00000000,1.00000000},{
    0.88097300,1.00000000,0.80831000,1.00000000,1.00000000,1.00000000,1.01150100,1.00000000,1.00000000,1.00000000,1.00000000,1.00000000,1.00000000,1.00000000,1.00000000,1.00000000,1.00000000,1.00000000,1.00000000,1.00000000,1.00000000},{
    0.88106700,1.00000000,0.78632300,1.00000000,1.00000000,1.00000000,1.01282100,1.00000000,1.00000000,1.00000000,1.00000000,1.00000000,1.00000000,1.00000000,1.00000000,1.00000000,1.00000000,1.00000000,1.00000000,1.00000000,1.00000000},{
    0.88116100,1.00000000,0.76517100,1.00000000,1.00000000,1.00000000,1.01408900,1.00000000,1.00000000,1.00000000,1.00000000,1.00000000,1.00000000,1.00000000,1.00000000,1.00000000,1.00000000,1.00000000,1.00000000,1.00000000,1.00000000},{
    1.00000000,1.00000000,1.00000000,1.00000000,1.00000000,1.00000000,1.00000000,1.00000000,1.00000000,1.00000000,1.00000000,1.00000000,1.00000000,1.00000000,1.00000000,1.00000000,1.00000000,1.00000000,1.00000000,1.00000000,1.00000000},{
    1.00000000,1.00000000,1.00000000,1.00000000,1.00000000,1.00000000,1.00000000,1.00000000,1.00000000,1.00000000,1.00000000,1.00000000,1.00000000,1.00000000,1.00000000,1.00000000,1.00000000,1.00000000,1.00000000,1.00000000,1.00000000}
};
const double AGA892DC::Uij0[21][21]={
    {1.00000000,0.88610600,0.96382700,1.00000000,0.99087700,1.00000000,0.73683300,1.15639000,1.00000000,1.00000000,1.00000000,0.99229100,1.00000000,1.00367000,1.30257600,1.19190400,1.20576900,1.21963400,1.23349800,1.00000000,1.00000000},{
    0.88610600,1.00000000,0.83505800,0.81643100,0.91550200,1.00000000,0.99347600,0.40883800,1.00000000,1.00000000,1.00000000,0.99355600,1.00000000,1.00000000,1.00000000,1.00000000,1.00000000,1.00000000,1.00000000,1.00000000,1.00000000},{
    0.96382700,0.83505800,1.00000000,0.96987000,1.00000000,1.00000000,1.04529000,1.00000000,0.90000000,1.00000000,1.00000000,1.00000000,1.00000000,1.00000000,1.06663800,1.07763400,1.08817800,1.09829100,1.10802100,1.00000000,1.00000000},{
    1.00000000,0.81643100,0.96987000,1.00000000,1.06517300,1.00000000,0.97192600,1.61666000,1.00000000,1.00000000,1.25000000,1.25000000,1.25000000,1.25000000,1.00000000,1.00000000,1.00000000,1.00000000,1.00000000,1.00000000,1.00000000},{
    0.99087700,0.91550200,1.00000000,1.06517300,1.00000000,1.00000000,1.00000000,1.00000000,1.00000000,1.00000000,1.00000000,1.00000000,1.00000000,1.00000000,1.00000000,1.00000000,1.00000000,1.00000000,1.00000000,1.00000000,1.00000000},{
    1.00000000,1.00000000,1.00000000,1.00000000,1.00000000,1.00000000,1.00000000,1.00000000,1.00000000,1.00000000,1.00000000,1.00000000,1.00000000,1.00000000,1.00000000,1.00000000,1.00000000,1.00000000,1.00000000,1.00000000,1.00000000},{
    0.73683300,0.99347600,1.04529000,0.97192600,1.00000000,1.00000000,1.00000000,1.00000000,1.00000000,1.00000000,1.00000000,1.00000000,1.00000000,1.00000000,1.02897300,1.03375400,1.03833800,1.04273500,1.04696600,1.00000000,1.00000000},{
    1.15639000,0.40883800,1.00000000,1.61666000,1.00000000,1.00000000,1.00000000,1.00000000,1.00000000,1.00000000,1.00000000,1.00000000,1.00000000,1.00000000,1.00000000,1.00000000,1.00000000,1.00000000,1.00000000,1.00000000,1.00000000},{
    1.00000000,1.00000000,0.90000000,1.00000000,1.00000000,1.00000000,1.00000000,1.00000000,1.00000000,1.00000000,1.00000000,1.00000000,1.00000000,1.00000000,1.00000000,1.00000000,1.00000000,1.00000000,1.00000000,1.00000000,1.00000000},{
    1.00000000,1.00000000,1.00000000,1.00000000,1.00000000,1.00000000,1.00000000,1.00000000,1.00000000,1.00000000,1.00000000,1.00000000,1.00000000,1.00000000,1.00000000,1.00000000,1.00000000,1.00000000,1.00000000,1.00000000,1.00000000},{
    1.00000000,1.00000000,1.00000000,1.25000000,1.00000000,1.00000000,1.00000000,1.00000000,1.00000000,1.00000000,1.00000000,1.00000000,1.00000000,1.00000000,1.00000000,1.00000000,1.00000000,1.00000000,1.00000000,1.00000000,1.00000000},{
    0.99229100,0.99355600,1.00000000,1.25000000,1.00000000,1.00000000,1.00000000,1.00000000,1.00000000,1.00000000,1.00000000,1.00000000,1.00000000,1.00000000,1.00000000,1.00000000,1.00000000,1.00000000,1.00000000,1.00000000,1.00000000},{
    1.00000000,1.00000000,1.00000000,1.25000000,1.00000000,1.00000000,1.00000000,1.00000000,1.00000000,1.00000000,1.00000000,1.00000000,1.00000000,1.00000000,1.00000000,1.00000000,1.00000000,1.00000000,1.00000000,1.00000000,1.00000000},{
    1.00367000,1.00000000,1.00000000,1.25000000,1.00000000,1.00000000,1.00000000,1.00000000,1.00000000,1.00000000,1.00000000,1.00000000,1.00000000,1.00000000,1.00000000,1.00000000,1.00000000,1.00000000,1.00000000,1.00000000,1.00000000},{
    1.30257600,1.00000000,1.06663800,1.00000000,1.00000000,1.00000000,1.02897300,1.00000000,1.00000000,1.00000000,1.00000000,1.00000000,1.00000000,1.00000000,1.00000000,1.00000000,1.00000000,1.00000000,1.00000000,1.00000000,1.00000000},{
    1.19190400,1.00000000,1.07763400,1.00000000,1.00000000,1.00000000,1.03375400,1.00000000,1.00000000,1.00000000,1.00000000,1.00000000,1.00000000,1.00000000,1.00000000,1.00000000,1.00000000,1.00000000,1.00000000,1.00000000,1.00000000},{
    1.20576900,1.00000000,1.08817800,1.00000000,1.00000000,1.00000000,1.03833800,1.00000000,1.00000000,1.00000000,1.00000000,1.00000000,1.00000000,1.00000000,1.00000000,1.00000000,1.00000000,1.00000000,1.00000000,1.00000000,1.00000000},{
    1.21963400,1.00000000,1.09829100,1.00000000,1.00000000,1.00000000,1.04273500,1.00000000,1.00000000,1.00000000,1.00000000,1.00000000,1.00000000,1.00000000,1.00000000,1.00000000,1.00000000,1.00000000,1.00000000,1.00000000,1.00000000},{
    1.23349800,1.00000000,1.10802100,1.00000000,1.00000000,1.00000000,1.04696600,1.00000000,1.00000000,1.00000000,1.00000000,1.00000000,1.00000000,1.00000000,1.00000000,1.00000000,1.00000000,1.00000000,1.00000000,1.00000000,1.00000000},{
    1.00000000,1.00000000,1.00000000,1.00000000,1.00000000,1.00000000,1.00000000,1.00000000,1.00000000,1.00000000,1.00000000,1.00000000,1.00000000,1.00000000,1.00000000,1.00000000,1.00000000,1.00000000,1.00000000,1.00000000,1.00000000},{
    1.00000000,1.00000000,1.00000000,1.00000000,1.00000000,1.00000000,1.00000000,1.00000000,1.00000000,1.00000000,1.00000000,1.00000000,1.00000000,1.00000000,1.00000000,1.00000000,1.00000000,1.00000000,1.00000000,1.00000000,1.00000000}
};
const double AGA892DC::Kij0[21][21]={
    {1.000000000,1.003630000,0.995933000,1.000000000,1.007619000,1.000000000,1.000080000,1.023260000,1.00000000,1.00000000,1.00000000,0.99759600,1.00000000,1.00252900,0.98296200,0.98356500,0.98270700,0.98184900,0.98099100,1.00000000,1.00000000},{
    1.003630000,1.000000000,0.982361000,1.007960000,1.000000000,1.000000000,0.942596000,1.032270000,1.00000000,1.00000000,1.00000000,1.00000000,1.00000000,1.00000000,1.00000000,1.00000000,1.00000000,1.00000000,1.00000000,1.00000000,1.00000000},{
    0.995933000,0.982361000,1.000000000,1.008510000,1.000000000,1.000000000,1.007790000,1.000000000,1.00000000,1.00000000,1.00000000,1.00000000,1.00000000,1.00000000,0.91018300,0.89536200,0.88115200,0.86752000,0.85440600,1.00000000,1.00000000},{
    1.000000000,1.007960000,1.008510000,1.000000000,0.986893000,1.000000000,0.999969000,1.020340000,1.00000000,1.00000000,1.00000000,1.00000000,1.00000000,1.00000000,1.00000000,1.00000000,1.00000000,1.00000000,1.00000000,1.00000000,1.00000000},{
    1.007619000,1.000000000,1.000000000,0.986893000,1.000000000,1.000000000,1.000000000,1.000000000,1.00000000,1.00000000,1.00000000,1.00000000,1.00000000,1.00000000,1.00000000,1.00000000,1.00000000,1.00000000,1.00000000,1.00000000,1.00000000},{
    1.000000000,1.000000000,1.000000000,1.000000000,1.000000000,1.000000000,1.000000000,1.000000000,1.00000000,1.00000000,1.00000000,1.00000000,1.00000000,1.00000000,1.00000000,1.00000000,1.00000000,1.00000000,1.00000000,1.00000000,1.00000000},{
    1.000080000,0.942596000,1.007790000,0.999969000,1.000000000,1.000000000,1.000000000,1.000000000,1.00000000,1.00000000,1.00000000,1.00000000,1.00000000,1.00000000,0.96813000,0.96287000,0.95782800,0.95244100,0.94833800,1.00000000,1.00000000},{
    1.023260000,1.032270000,1.000000000,1.020340000,1.000000000,1.000000000,1.000000000,1.000000000,1.00000000,1.00000000,1.00000000,1.00000000,1.00000000,1.00000000,1.00000000,1.00000000,1.00000000,1.00000000,1.00000000,1.00000000,1.00000000},{
    1.000000000,1.000000000,1.000000000,1.000000000,1.000000000,1.000000000,1.000000000,1.000000000,1.00000000,1.00000000,1.00000000,1.00000000,1.00000000,1.00000000,1.00000000,1.00000000,1.00000000,1.00000000,1.00000000,1.00000000,1.00000000},{
    1.000000000,1.000000000,1.000000000,1.000000000,1.000000000,1.000000000,1.000000000,1.000000000,1.00000000,1.00000000,1.00000000,1.00000000,1.00000000,1.00000000,1.00000000,1.00000000,1.00000000,1.00000000,1.00000000,1.00000000,1.00000000},{
    1.000000000,1.000000000,1.000000000,1.000000000,1.000000000,1.000000000,1.000000000,1.000000000,1.00000000,1.00000000,1.00000000,1.00000000,1.00000000,1.00000000,1.00000000,1.00000000,1.00000000,1.00000000,1.00000000,1.00000000,1.00000000},{
    0.997596000,1.000000000,1.000000000,1.000000000,1.000000000,1.000000000,1.000000000,1.000000000,1.00000000,1.00000000,1.00000000,1.00000000,1.00000000,1.00000000,1.00000000,1.00000000,1.00000000,1.00000000,1.00000000,1.00000000,1.00000000},{
    1.000000000,1.000000000,1.000000000,1.000000000,1.000000000,1.000000000,1.000000000,1.000000000,1.00000000,1.00000000,1.00000000,1.00000000,1.00000000,1.00000000,1.00000000,1.00000000,1.00000000,1.00000000,1.00000000,1.00000000,1.00000000},{
    1.002529000,1.000000000,1.000000000,1.000000000,1.000000000,1.000000000,1.000000000,1.000000000,1.00000000,1.00000000,1.00000000,1.00000000,1.00000000,1.00000000,1.00000000,1.00000000,1.00000000,1.00000000,1.00000000,1.00000000,1.00000000},{
    0.982962000,1.000000000,0.910183000,1.000000000,1.000000000,1.000000000,0.968130000,1.000000000,1.00000000,1.00000000,1.00000000,1.00000000,1.00000000,1.00000000,1.00000000,1.00000000,1.00000000,1.00000000,1.00000000,1.00000000,1.00000000},{
    0.983565000,1.000000000,0.895362000,1.000000000,1.000000000,1.000000000,0.962870000,1.000000000,1.00000000,1.00000000,1.00000000,1.00000000,1.00000000,1.00000000,1.00000000,1.00000000,1.00000000,1.00000000,1.00000000,1.00000000,1.00000000},{
    0.982707000,1.000000000,0.881152000,1.000000000,1.000000000,1.000000000,0.957828000,1.000000000,1.00000000,1.00000000,1.00000000,1.00000000,1.00000000,1.00000000,1.00000000,1.00000000,1.00000000,1.00000000,1.00000000,1.00000000,1.00000000},{
    0.981849000,1.000000000,0.867520000,1.000000000,1.000000000,1.000000000,0.952441000,1.000000000,1.00000000,1.00000000,1.00000000,1.00000000,1.00000000,1.00000000,1.00000000,1.00000000,1.00000000,1.00000000,1.00000000,1.00000000,1.00000000},{
    0.980991000,1.000000000,0.854406000,1.000000000,1.000000000,1.000000000,0.948338000,1.000000000,1.00000000,1.00000000,1.00000000,1.00000000,1.00000000,1.00000000,1.00000000,1.00000000,1.00000000,1.00000000,1.00000000,1.00000000,1.00000000},{
    1.000000000,1.000000000,1.000000000,1.000000000,1.000000000,1.000000000,1.000000000,1.000000000,1.00000000,1.00000000,1.00000000,1.00000000,1.00000000,1.00000000,1.00000000,1.00000000,1.00000000,1.00000000,1.00000000,1.00000000,1.00000000},{
    1.000000000,1.000000000,1.000000000,1.000000000,1.000000000,1.000000000,1.000000000,1.000000000,1.00000000,1.00000000,1.00000000,1.00000000,1.00000000,1.00000000,1.00000000,1.00000000,1.00000000,1.00000000,1.00000000,1.00000000,1.00000000}
};
const double AGA892DC::Gij0[21][21]={
    {1.0000000000,1.0000000000,0.8076530000,1.0000000000,1.0000000000,1.0000000000,1.0000000000,1.9573100000,1.00000000,1.00000000,1.00000000,1.00000000,1.00000000,1.00000000,1.00000000,1.00000000,1.00000000,1.00000000,1.00000000,1.00000000,1.00000000},{
    1.0000000000,1.0000000000,0.9827460000,1.0000000000,1.0000000000,1.0000000000,1.0000000000,1.0000000000,1.00000000,1.00000000,1.00000000,1.00000000,1.00000000,1.00000000,1.00000000,1.00000000,1.00000000,1.00000000,1.00000000,1.00000000,1.00000000},{
    0.8076530000,0.9827460000,1.0000000000,0.3702960000,1.0000000000,1.6730900000,1.0000000000,1.0000000000,1.00000000,1.00000000,1.00000000,1.00000000,1.00000000,1.00000000,1.00000000,1.00000000,1.00000000,1.00000000,1.00000000,1.00000000,1.00000000},{
    1.0000000000,1.0000000000,0.3702960000,1.0000000000,1.0000000000,1.0000000000,1.0000000000,1.0000000000,1.00000000,1.00000000,1.00000000,1.00000000,1.00000000,1.00000000,1.00000000,1.00000000,1.00000000,1.00000000,1.00000000,1.00000000,1.00000000},{
    1.0000000000,1.0000000000,1.0000000000,1.0000000000,1.0000000000,1.0000000000,1.0000000000,1.0000000000,1.00000000,1.00000000,1.00000000,1.00000000,1.00000000,1.00000000,1.00000000,1.00000000,1.00000000,1.00000000,1.00000000,1.00000000,1.00000000},{
    1.0000000000,1.0000000000,1.6730900000,1.0000000000,1.0000000000,1.0000000000,1.0000000000,1.0000000000,1.00000000,1.00000000,1.00000000,1.00000000,1.00000000,1.00000000,1.00000000,1.00000000,1.00000000,1.00000000,1.00000000,1.00000000,1.00000000},{
    1.0000000000,1.0000000000,1.0000000000,1.0000000000,1.0000000000,1.0000000000,1.0000000000,1.0000000000,1.00000000,1.00000000,1.00000000,1.00000000,1.00000000,1.00000000,1.00000000,1.00000000,1.00000000,1.00000000,1.00000000,1.00000000,1.00000000},{
    1.9573100000,1.0000000000,1.0000000000,1.0000000000,1.0000000000,1.0000000000,1.0000000000,1.0000000000,1.00000000,1.00000000,1.00000000,1.00000000,1.00000000,1.00000000,1.00000000,1.00000000,1.00000000,1.00000000,1.00000000,1.00000000,1.00000000},{
    1.0000000000,1.0000000000,1.0000000000,1.0000000000,1.0000000000,1.0000000000,1.0000000000,1.0000000000,1.00000000,1.00000000,1.00000000,1.00000000,1.00000000,1.00000000,1.00000000,1.00000000,1.00000000,1.00000000,1.00000000,1.00000000,1.00000000},{
    1.0000000000,1.0000000000,1.0000000000,1.0000000000,1.0000000000,1.0000000000,1.0000000000,1.0000000000,1.00000000,1.00000000,1.00000000,1.00000000,1.00000000,1.00000000,1.00000000,1.00000000,1.00000000,1.00000000,1.00000000,1.00000000,1.00000000},{
    1.0000000000,1.0000000000,1.0000000000,1.0000000000,1.0000000000,1.0000000000,1.0000000000,1.0000000000,1.00000000,1.00000000,1.00000000,1.00000000,1.00000000,1.00000000,1.00000000,1.00000000,1.00000000,1.00000000,1.00000000,1.00000000,1.00000000},{
    1.0000000000,1.0000000000,1.0000000000,1.0000000000,1.0000000000,1.0000000000,1.0000000000,1.0000000000,1.00000000,1.00000000,1.00000000,1.00000000,1.00000000,1.00000000,1.00000000,1.00000000,1.00000000,1.00000000,1.00000000,1.00000000,1.00000000},{
    1.0000000000,1.0000000000,1.0000000000,1.0000000000,1.0000000000,1.0000000000,1.0000000000,1.0000000000,1.00000000,1.00000000,1.00000000,1.00000000,1.00000000,1.00000000,1.00000000,1.00000000,1.00000000,1.00000000,1.00000000,1.00000000,1.00000000},{
    1.0000000000,1.0000000000,1.0000000000,1.0000000000,1.0000000000,1.0000000000,1.0000000000,1.0000000000,1.00000000,1.00000000,1.00000000,1.00000000,1.00000000,1.00000000,1.00000000,1.00000000,1.00000000,1.00000000,1.00000000,1.00000000,1.00000000},{
    1.0000000000,1.0000000000,1.0000000000,1.0000000000,1.0000000000,1.0000000000,1.0000000000,1.0000000000,1.00000000,1.00000000,1.00000000,1.00000000,1.00000000,1.00000000,1.00000000,1.00000000,1.00000000,1.00000000,1.00000000,1.00000000,1.00000000},{
    1.0000000000,1.0000000000,1.0000000000,1.0000000000,1.0000000000,1.0000000000,1.0000000000,1.0000000000,1.00000000,1.00000000,1.00000000,1.00000000,1.00000000,1.00000000,1.00000000,1.00000000,1.00000000,1.00000000,1.00000000,1.00000000,1.00000000},{
    1.0000000000,1.0000000000,1.0000000000,1.0000000000,1.0000000000,1.0000000000,1.0000000000,1.0000000000,1.00000000,1.00000000,1.00000000,1.00000000,1.00000000,1.00000000,1.00000000,1.00000000,1.00000000,1.00000000,1.00000000,1.00000000,1.00000000},{
    1.0000000000,1.0000000000,1.0000000000,1.0000000000,1.0000000000,1.0000000000,1.0000000000,1.0000000000,1.00000000,1.00000000,1.00000000,1.00000000,1.00000000,1.00000000,1.00000000,1.00000000,1.00000000,1.00000000,1.00000000,1.00000000,1.00000000},{
    1.0000000000,1.0000000000,1.0000000000,1.0000000000,1.0000000000,1.0000000000,1.0000000000,1.0000000000,1.00000000,1.00000000,1.00000000,1.00000000,1.00000000,1.00000000,1.00000000,1.00000000,1.00000000,1.00000000,1.00000000,1.00000000,1.00000000},{
    1.0000000000,1.0000000000,1.0000000000,1.0000000000,1.0000000000,1.0000000000,1.0000000000,1.0000000000,1.00000000,1.00000000,1.00000000,1.00000000,1.00000000,1.00000000,1.00000000,1.00000000,1.00000000,1.00000000,1.00000000,1.00000000,1.00000000},{
    1.0000000000,1.0000000000,1.0000000000,1.0000000000,1.0000000000,1.0000000000,1.0000000000,1.0000000000,1.00000000,1.00000000,1.00000000,1.00000000,1.00000000,1.00000000,1.00000000,1.00000000,1.00000000,1.00000000,1.00000000,1.00000000,1.00000000}
};
int AGA892DC::NUM_x=14;
int AGA892DC::ID_raw[21]={
    3,
    2,
    8,
    9,
    1,
    4,
    5,
    11,
    12,
    13,
    14,
    15,
    16,
    17,
    6,7,10,18,19,20,21
};
double AGA892DC::xi_raw[21]={
    0.076,0.057,0,0,0.812,0.043,0.009,0.0015,0.0015,0,0,0,0,0
    ,0,0,0,0,0,0,0
};

int AGA892DC::status=1;
int AGA892DC::ID[21]={};
int AGA892DC::Index2raw[21]={};
double AGA892DC::t=16.85;
double AGA892DC::p=6.0;